94 7 66 13 10 5 53 8 26 4 15 3 65 11 82 12 10 9 27 15 93 10 92 14 96 6 70 1 83 2 
74 5 31 6 88 8 51 15 57 14 78 9 8 12 7 10 91 7 79 11 18 1 51 4 18 13 99 2 33 3 
4 2 82 9 40 10 86 13 50 7 54 12 21 14 6 6 54 1 68 3 82 8 20 11 39 5 35 4 68 15 
73 6 23 3 30 10 30 7 53 11 94 1 58 14 93 5 32 8 91 15 30 12 56 9 27 13 92 2 9 4 
78 8 23 9 21 7 60 11 36 5 29 10 95 3 99 15 79 13 76 6 93 2 42 14 52 12 42 1 96 4 
29 6 61 4 88 13 70 14 16 12 31 5 65 15 83 8 78 3 26 2 50 11 87 1 62 10 14 7 30 9 
18 13 75 4 20 8 4 9 91 15 68 7 19 2 54 12 85 5 73 6 43 3 24 11 37 1 87 14 66 10 
32 12 52 6 9 1 49 8 61 13 35 14 99 15 62 2 6 3 62 9 7 5 80 4 3 10 57 7 7 11 
85 11 30 12 96 7 91 15 13 1 87 2 82 3 83 6 78 13 56 5 85 9 8 8 66 10 88 14 15 4 
5 7 59 12 30 10 60 3 41 9 17 1 66 14 89 4 78 11 88 8 69 2 45 13 82 15 6 5 13 6 
90 5 27 8 1 14 8 1 91 6 80 13 89 7 49 9 32 15 28 11 90 4 93 2 6 12 35 10 73 3 
47 3 43 15 75 1 8 13 51 7 3 11 84 8 34 6 28 9 60 10 69 14 45 2 67 4 58 12 87 5 
65 6 62 9 97 11 20 3 31 4 33 7 33 10 77 1 50 14 80 5 48 2 90 12 75 13 96 8 44 15 
28 9 21 15 51 5 75 14 17 6 89 7 59 10 56 2 63 13 18 8 17 12 30 11 16 4 7 3 35 1 
57 11 16 9 42 13 34 7 37 5 26 2 68 14 73 15 5 12 8 1 12 8 87 4 83 3 20 10 97 6